621345
640462
676879
605156
607481
650644
543305
592450
605400
668845
682842
647351
691182
643256
594807
624428
680572
800049
493603
640470
680718
668939
666969
605288
670970
700363
668731
676701
544150
664761
676475
679525
649557
672386
666201
677950
608324
669743
656412
656577
666135
656638
666208
657077
681911
622072
622065
672744
664747
645305
675961
642216
642708
607237
686294
669467
665926
662253
671096
643217
605177
571760
552640
668800
457705
677053
685314
683734
681806
655316
628451
681624
683409
682657
672582
607455
669622
687424
664948
683627
543685
519203
623993
685107
683011
669137
547973
613534
605131
656354
596295
669720
595978
668885
643493
663586
668853
596103
608723
669224
642851
541645
663559
690544
641927
689225
676962
592325
621294
690829
594902
700250
666163
668874
694362
663368
666165
605483
595014
686796
677942
666182
666310
666915
676272
677951
670102
641745
669699
687134
669620
663903
656232
543063
592273
685126
676714
664040
669016
607043
694297
666129
678394
677587
680977
663898
663893
657514
641703
667670
608718
686668
683146
676969
695391
664954
689172
605119
661531
668930
656271
592779
686797
548384
650556
641329
650559
663773
663542
687911
682868
668804
543766
693433
693821
547180
686826
669369
682243
669060
681082
669352
571656
671083
572143
621439
700249
671922
615698
663728
676961
657571
573204
676534
592155
666808
471911
621043
608032
672578
665966
607074
692230
467793
669387
608334
608348
686730
668984
663554
669477
624415
678882
656775
663967
643338
641771
644433
453568
450203
676801
502624
681217
605135
606965
623167
455119
663978
676896
688297
519242
608717
621035
542194
687952
681035
543877
572233
592885
666624
672335
682928
680769
657376
605280
677076
690925
641355
675989
674003
547001
608344
666142
663485
642121
657061
668390
670059
621363
607067
681882
676092
690993
605155
681297
668843
641401
656582
681393
657136
681867
669450
669203
682998
667452
608369
518886
664299
691441
665506
650911
592200
678554
680118
641712
572971
656186
641540
667472
650960
543339
663738
694037
642016
682177
596129
543056
643376
664901
664849
621020
666204
687231
670241
670766
641726
662139
675915
670280
623520
621311
701581
664058
681807
666152
444482
656849
502085
681584
669721
676914
673995
678226
663662
665152
686539
673380
665620
642701
656537
571882
660636
650895
622253
659275
687792
518934
621466
669084
686527
666150
608678
642086
456781
686452
622098
592767
689672
671221
668752
666185
656302
669395
571670
669276
664238
687922
592696
624641
666397
660825
674285
665795
658668
621242
621458
670955
666703
501303
660707
669212
681871
642201
553869
622694
682829
650391
665625
676106
641941
661403
642629
656896
665839
660600
571771
660853
541640
606992
679358
607200
669062
657024
676391
665923
664314
681799
553993
694497
623465
677649
678662
518585
665487
657088
666215
664285
682626
596019
593423
518692
666023
642547
642100
672356
672515
664076
643265
676979
641658
669003
596117
676477
596142
666158
657757
694813
668909
650893
664129
669923
666277
543807
672695
608566
543037
642520
519317
570482
606149
650402
700669
666197
668933
688363
681982
701643
656550
667428
680570
675659
669711
666619
642397
656288
643377
670871
683002
681402
673490
668968
623912
664056
806185
669713
593576
671218
680779
677008
571948
663687
623211
528748
685801
686613
683769
696100
668881
640451
592669
676702
519326
694462
641656
664023
545121
670623
663462
643396
671056
656266
605204
502110
641487
656420
641585
679881
592663
607054
656427
686799
683004
672552
669261
694192
702616
701538
671131
623451
676070
606930
674441
656641
682052
607732
621097
657097
696285
663330
665856
641343
656234
814005
669394
595909
664776
630105
518617
641584
663623
664983
676694
668670
663765
596001
656883
656222
663704
543510
703231
681546
572020
695578
592791
642197
676083
683003
657649
694363
669707
665120
672284
680776
592094
641511
671345
518792
665871
595879
543351
665862
656546
643446
600869
669093
665161
445926
608385
666200
660821
622786
661395
646242
678877
640902
666745
678225
623474
668709
666176
672851
592626
671212
621529
682175
641729
523260
573009
605397
605452
657746
669270
606303
570257
663698
683155
608336
694388
664192
608841
687401
621563
666214
686894
679032
605154
595928
667463
607644
670167
671286
668941
542932
592351
572138
681146
641680
682729
666018
680742
686563
669169
642546
663697
642528
680716
676356
678391
687597
663855
673929
543475
656756
605447
691023
607179
676059
696136
660896
678489
605347
622761
593871
624585
547989
514888
621237
640492
621244
676130
676609
542585
621016
669796
665877
645444
578428
600917
665896
669304
500779
608070
614179
642350
667755
660761
677588
624431
570632
605137
676596
623352
673962
666139
656671
647304
642028
668942
622250
669701
622251
677020
670174
680739
641943
680686
676664
608638
665742
660766
657240
677594
527054
808982
595777
605121
677865
679822
664875
679885
686580
657006
686993
457759
434378
458677
680736
669234
678906
672391
663647
676775
669211
624522
660688
672456
445276
670046
592288
628317
681481
669374
606466
592332
656464
643361
687330
595281
621028
607680
675656
669912
489446
665019
681892
686676
592178
663460
676710
680694
571657
640448
607536
502043
690986
543294
543309
669165
664728
681517
700932
668832
666205
669459
693312
656941
669065
663656
667725
677347
664774
458681
694738
689017
657041
663457
671732
672820
677870
660844
665750
682119
670869
671106
669302
670810
681351
657277
686973
666971
668674
608371
650333
669134
622491
664351
656814
666818
472610
671277
661563
641645
682847
682641
665622
650859
673357
622663
620443
649966
676679
592426
681432
571912
670042
596133
663897
669022
672580
592518
622534
655889
542303
594835
682617
543760
573186
592192
643410
668901
455117
527048
807799
696131
669438
695243
691026
542882
598264
621199
571539
572761
656305
670036
571863
640454
666159
670223
519043
621566
669422
621381
642136
663837
663362
670242
676946
669461
643289
608331
596146
676974
571970
453286
680474
518876
572191
683737
624424
675627
671739
547184
650633
656629
547179
686681
675650
656848
672279
647336
683021
669911
543859
608379
671305
666160
665804
609280
612434
622766
500743
593934
678246
657508
605182
645801
643565
545361
573262
670156
571945
641598
571745
656605
687765
669952
680730
669004
605141
622503
683822
683083
663878
543135
663993
676369
641482
605113
669397
623433
687014
595897
592206
663743
693304
624503
663321
666157
679845
663611
607259
605361
665155
683232
680897
656793
601713
668472
598286
687798
680704
669222
663989
670032
663538
592348
663562
682622
571448
669357
666134
694384
686554
553882
665833
682619
689147
606115
693049
674370
665828
672640
680911
669391
645277
641154
622569
502179
678009
656786
672275
571578
663776
621550
621112
657557
502671
623149
694973
656976
658648
686780
624413
691718
664126
663567
657265
641360
664208
572955
687863
672860
682990
646240
665561
606160
542364
628452
657656
602104
545341
668227
678495
681190
624133
678061
670103
677956
657585
624512
681857
672282
650907
625643
656555
620982
663992
680700
676568
656180
682985
676617
666207
672710
608701
642239
543257
676395
688107
663158
682610
663853
676760
660670
669854
678692
548389
642133
668904
669208
621366
518489
621114
663372
681676
664854
680777
668952
702795
663630
641857
663624
676116
656811
686752
519151
657044
668723
676254
677960
642232
656924
669194
592773
686217
521692
664059
656529
656541
669087
669674
594580
669392
671111
669289
518397
605130
543518
656248
663546
640455
669221
656794
656887
669308
664874
673548
622554
664913
607625
661527
669358
669456
641312
542888
681869
669127
571946
660271
684007
680573
664350
677944
543243
681293
702352
687462
675921
680885
668715
675911
679529
605513
516782
663568
680757
571927
595345
621051
672642
656413
519008
592836
671737
621383
676440
685299
656557
663432
656945
669373
642048
605463
573124
666211
670764
621493
622088
606192
642731
600986
641313
682120
657612
641835
670770
668964
676680
608596
621512
674072
592454
502054
643393
663574
518595
608671
607208
663757
663423
670092
663616
656730
670950
669432
596115
592866
663550
702358
622259
656484
671213
663474
571466
686654
621389
664034
641302
542881
595881
672012
608648
621053
666149
671289
607192
623168
663947
664079
641755
682988
554431
663527
641933
663969
643511
691016
663886
642180
669330
656731
621438
668338
678368
687093
605170
624647
645302
687363
680767
660644
686469
681962
657697
665489
661269
489119
621111
679156
593833
593974
672761
641149
642215
593160
666181
686823
694361
519293
676684
650489
661388
641432
575929
642715
527038
677800
694671
593428
669364
675540
673237
543228
650490
684320
518735
622075
666974
666720
700270
554340
660162
672782
670990
630023
670541
808967
691172
506433
673513
628708
579328
668678
670219
676113
621107
656716
687263
668676
647315
621545
680869
677161
641793
670097
668868
554430
